3729579 1453415 4078883 2522671
3662668 2749205 4078883 2522671
257356 175834 1207332 429175
2502777 3970934 3102959 3443573
24076 2510696 274522 2000000
3163363 3448163 3102959 3443573
1011369 447686 1207332 429175
3954188 3117617 4078883 2522671
3480746 3150039 3301559 3383795
2999116 3137910 3102959 3443573
3546198 462510 3283798 -405749
650838 1255586 274522 2000000
3231242 3342921 3301559 3383795
1337998 31701 1207332 429175
1184009 3259703 2677313 2951659
212559 1737114 274522 2000000
161020 2251470 274522 2000000
3744187 3722432 3301559 3383795
2318112 2254019 2677313 2951659
2554810 56579 3283798 -405749
1240184 897870 1207332 429175
2971747 2662873 2677313 2951659
3213584 3463821 3102959 3443573
37652 3969055 -615866 3091738
1804153 1170987 1207332 429175
